Gamma Matrix
   19.2721   16.5627
   16.5627   19.2721
Overlap Matrix
   1.0000e+00            0            0            0   7.9151e-01  -4.7932e-01            0            0
            0   1.0000e+00            0            0   4.7932e-01   1.5901e-01            0            0
            0            0   1.0000e+00            0            0            0   6.6171e-01            0
            0            0            0   1.0000e+00            0            0            0   6.6171e-01
   7.9151e-01   4.7932e-01            0            0   1.0000e+00  -1.8463e-16            0            0
  -4.7932e-01   1.5901e-01            0            0  -2.3934e-16   1.0000e+00            0            0
            0            0   6.6171e-01            0            0            0   1.0000e+00            0
            0            0            0   6.6171e-01            0            0            0   1.0000e+00
p = 5 q = 5
H_core
  -1.8885e+02            0            0            0  -1.9788e+01   1.1983e+01            0            0
            0  -1.7681e+02            0            0  -1.1983e+01  -3.9753e+00            0            0
            0            0  -1.7681e+02            0            0            0  -1.6543e+01            0
            0            0            0  -1.7681e+02            0            0            0  -1.6543e+01
  -1.9788e+01  -1.1983e+01            0            0  -1.8885e+02   4.6157e-15            0            0
   1.1983e+01  -3.9753e+00            0            0   5.9836e-15  -1.7681e+02            0            0
            0            0  -1.6543e+01            0            0            0  -1.7681e+02            0
            0            0            0  -1.6543e+01            0            0            0  -1.7681e+02
Iteration: 0
Fa
  -1.8885e+02            0            0            0  -1.9788e+01   1.1983e+01            0            0
            0  -1.7681e+02            0            0  -1.1983e+01  -3.9753e+00            0            0
            0            0  -1.7681e+02            0            0            0  -1.6543e+01            0
            0            0            0  -1.7681e+02            0            0            0  -1.6543e+01
  -1.9788e+01  -1.1983e+01            0            0  -1.8885e+02   4.6157e-15            0            0
   1.1983e+01  -3.9753e+00            0            0   5.9836e-15  -1.7681e+02            0            0
            0            0  -1.6543e+01            0            0            0  -1.7681e+02            0
            0            0            0  -1.6543e+01            0            0            0  -1.7681e+02
Fb
  -1.8885e+02            0            0            0  -1.9788e+01   1.1983e+01            0            0
            0  -1.7681e+02            0            0  -1.1983e+01  -3.9753e+00            0            0
            0            0  -1.7681e+02            0            0            0  -1.6543e+01            0
            0            0            0  -1.7681e+02            0            0            0  -1.6543e+01
  -1.9788e+01  -1.1983e+01            0            0  -1.8885e+02   4.6157e-15            0            0
   1.1983e+01  -3.9753e+00            0            0   5.9836e-15  -1.7681e+02            0            0
            0            0  -1.6543e+01            0            0            0  -1.7681e+02            0
            0            0            0  -1.6543e+01            0            0            0  -1.7681e+02
After solving the eigenvalue equation: 
Ca
  -0.6766        0        0   0.3744   0.2055   0.5999        0        0
  -0.2055        0        0  -0.5999  -0.6766   0.3744        0        0
        0   0.5951   0.3819        0        0        0   0.5000   0.5000
        0  -0.3819   0.5951        0        0        0   0.5000  -0.5000
  -0.6766        0        0  -0.3744   0.2055  -0.5999        0        0
   0.2055        0        0  -0.5999   0.6766   0.3744        0        0
        0   0.5951   0.3819        0        0        0  -0.5000  -0.5000
        0  -0.3819   0.5951        0        0        0  -0.5000   0.5000
Cb
  -0.6766        0        0   0.3744   0.2055   0.5999        0        0
  -0.2055        0        0  -0.5999  -0.6766   0.3744        0        0
        0   0.5951   0.3819        0        0        0   0.5000   0.5000
        0  -0.3819   0.5951        0        0        0   0.5000  -0.5000
  -0.6766        0        0  -0.3744   0.2055  -0.5999        0        0
   0.2055        0        0  -0.5999   0.6766   0.3744        0        0
        0   0.5951   0.3819        0        0        0  -0.5000  -0.5000
        0  -0.3819   0.5951        0        0        0  -0.5000   0.5000
p = 5 q = 5
Pa_new
   6.4016e-01  -2.2458e-01            0            0   3.5984e-01  -2.2458e-01            0            0
  -2.2458e-01   8.5984e-01            0            0   2.2458e-01  -1.4016e-01            0            0
            0            0   5.0000e-01  -1.6653e-16            0            0   5.0000e-01   6.9389e-16
            0            0  -1.6653e-16   5.0000e-01            0            0  -8.6042e-16   5.0000e-01
   3.5984e-01   2.2458e-01            0            0   6.4016e-01   2.2458e-01            0            0
  -2.2458e-01  -1.4016e-01            0            0   2.2458e-01   8.5984e-01            0            0
            0            0   5.0000e-01  -8.6042e-16            0            0   5.0000e-01   2.7756e-17
            0            0   6.9389e-16   5.0000e-01            0            0   2.7756e-17   5.0000e-01
Pb_new
   6.4016e-01  -2.2458e-01            0            0   3.5984e-01  -2.2458e-01            0            0
  -2.2458e-01   8.5984e-01            0            0   2.2458e-01  -1.4016e-01            0            0
            0            0   5.0000e-01  -1.6653e-16            0            0   5.0000e-01   6.9389e-16
            0            0  -1.6653e-16   5.0000e-01            0            0  -8.6042e-16   5.0000e-01
   3.5984e-01   2.2458e-01            0            0   6.4016e-01   2.2458e-01            0            0
  -2.2458e-01  -1.4016e-01            0            0   2.2458e-01   8.5984e-01            0            0
            0            0   5.0000e-01  -8.6042e-16            0            0   5.0000e-01   2.7756e-17
            0            0   6.9389e-16   5.0000e-01            0            0   2.7756e-17   5.0000e-01
P_total
   5.0000
        0
Iteration: 1
Fa
  -1.0483e+02   4.3281e+00            0            0  -2.5748e+01   1.5703e+01            0            0
   4.3281e+00  -9.7024e+01            0            0  -1.5703e+01  -1.6539e+00            0            0
            0            0  -9.0089e+01   3.2094e-15            0            0  -2.4824e+01  -1.1493e-14
            0            0   3.2094e-15  -9.0089e+01            0            0   1.4251e-14  -2.4824e+01
  -2.5748e+01  -1.5703e+01            0            0  -1.1838e+02  -4.3281e+00            0            0
   1.5703e+01  -1.6539e+00            0            0  -4.3281e+00  -1.1057e+02            0            0
            0            0  -2.4824e+01   1.4251e-14            0            0  -1.0364e+02  -5.3491e-16
            0            0  -1.1493e-14  -2.4824e+01            0            0  -5.3491e-16  -1.0364e+02
Fb
  -1.0483e+02   4.3281e+00            0            0  -2.5748e+01   1.5703e+01            0            0
   4.3281e+00  -9.7024e+01            0            0  -1.5703e+01  -1.6539e+00            0            0
            0            0  -9.0089e+01   3.2094e-15            0            0  -2.4824e+01  -1.1493e-14
            0            0   3.2094e-15  -9.0089e+01            0            0   1.4251e-14  -2.4824e+01
  -2.5748e+01  -1.5703e+01            0            0  -1.1838e+02  -4.3281e+00            0            0
   1.5703e+01  -1.6539e+00            0            0  -4.3281e+00  -1.1057e+02            0            0
            0            0  -2.4824e+01   1.4251e-14            0            0  -1.0364e+02  -5.3491e-16
            0            0  -1.1493e-14  -2.4824e+01            0            0  -5.3491e-16  -1.0364e+02
After solving the eigenvalue equation: 
Ca
  -5.8824e-01  -1.1968e-30   1.0115e-15  -3.3496e-01   3.5710e-01   6.4362e-01   1.1390e-15  -6.2209e-16
  -2.0481e-01   1.4918e-30  -1.1275e-15   3.6268e-01  -7.9431e-01   4.4226e-01   7.1555e-16  -3.9080e-16
  -1.5123e-17   2.4294e-15  -6.0695e-01  -2.1409e-15  -2.3263e-16  -1.5865e-15   6.9750e-01  -3.8094e-01
  -1.2326e-32  -6.0695e-01  -2.2204e-15  -4.3387e-30   1.3559e-31  -3.7471e-30   3.8094e-01   6.9750e-01
  -7.6101e-01   1.9722e-30  -1.2212e-15   3.5093e-01   5.4150e-02  -5.4294e-01  -9.9920e-16   5.5511e-16
   1.8135e-01   5.5220e-30  -2.8866e-15   7.9569e-01   4.8849e-01   3.0882e-01   7.2164e-16  -3.6082e-16
   1.0604e-16   3.6637e-15  -7.9474e-01  -2.6795e-15  -9.7864e-17   1.2036e-15  -5.3268e-01   2.9092e-01
  -1.9869e-32  -7.9474e-01  -3.7464e-15  -8.5519e-30  -7.9136e-32   3.6958e-30  -2.9092e-01  -5.3268e-01
Cb
  -5.8824e-01  -1.1968e-30   1.0115e-15  -3.3496e-01   3.5710e-01   6.4362e-01   1.1390e-15  -6.2209e-16
  -2.0481e-01   1.4918e-30  -1.1275e-15   3.6268e-01  -7.9431e-01   4.4226e-01   7.1555e-16  -3.9080e-16
  -1.5123e-17   2.4294e-15  -6.0695e-01  -2.1409e-15  -2.3263e-16  -1.5865e-15   6.9750e-01  -3.8094e-01
  -1.2326e-32  -6.0695e-01  -2.2204e-15  -4.3387e-30   1.3559e-31  -3.7471e-30   3.8094e-01   6.9750e-01
  -7.6101e-01   1.9722e-30  -1.2212e-15   3.5093e-01   5.4150e-02  -5.4294e-01  -9.9920e-16   5.5511e-16
   1.8135e-01   5.5220e-30  -2.8866e-15   7.9569e-01   4.8849e-01   3.0882e-01   7.2164e-16  -3.6082e-16
   1.0604e-16   3.6637e-15  -7.9474e-01  -2.6795e-15  -9.7864e-17   1.2036e-15  -5.3268e-01   2.9092e-01
  -1.9869e-32  -7.9474e-01  -3.7464e-15  -8.5519e-30  -7.9136e-32   3.6958e-30  -2.9092e-01  -5.3268e-01
p = 5 q = 5
Pa_new
   5.8575e-01  -2.8465e-01   2.9038e-17  -1.0549e-32   3.4945e-01  -1.9876e-01  -3.6639e-18   9.7548e-33
  -2.8465e-01   8.0440e-01   9.5772e-17  -8.0568e-32   2.4012e-01  -1.3658e-01  -1.9667e-17   3.9177e-33
   2.9038e-17   9.5772e-17   3.6839e-01  -1.2685e-16  -1.1159e-17  -6.7876e-17   4.8237e-01   3.4310e-16
  -1.0549e-32  -8.0568e-32  -1.2685e-16   3.6839e-01   8.8616e-33  -3.3037e-31  -4.5901e-16   4.8237e-01
   3.4945e-01   2.4012e-01  -1.1159e-17   8.8616e-33   7.0521e-01   1.6767e-01  -5.5717e-17   1.7671e-32
  -1.9876e-01  -1.3658e-01  -6.7876e-17  -3.3037e-31   1.6767e-01   9.0463e-01   1.3350e-16  -4.2120e-31
  -3.6639e-18  -1.9667e-17   4.8237e-01  -4.5901e-16  -5.5717e-17   1.3350e-16   6.3161e-01   6.5707e-17
   9.7548e-33   3.9177e-33   3.4310e-16   4.8237e-01   1.7671e-32  -4.2120e-31   6.5707e-17   6.3161e-01
Pb_new
   5.8575e-01  -2.8465e-01   2.9038e-17  -1.0549e-32   3.4945e-01  -1.9876e-01  -3.6639e-18   9.7548e-33
  -2.8465e-01   8.0440e-01   9.5772e-17  -8.0568e-32   2.4012e-01  -1.3658e-01  -1.9667e-17   3.9177e-33
   2.9038e-17   9.5772e-17   3.6839e-01  -1.2685e-16  -1.1159e-17  -6.7876e-17   4.8237e-01   3.4310e-16
  -1.0549e-32  -8.0568e-32  -1.2685e-16   3.6839e-01   8.8616e-33  -3.3037e-31  -4.5901e-16   4.8237e-01
   3.4945e-01   2.4012e-01  -1.1159e-17   8.8616e-33   7.0521e-01   1.6767e-01  -5.5717e-17   1.7671e-32
  -1.9876e-01  -1.3658e-01  -6.7876e-17  -3.3037e-31   1.6767e-01   9.0463e-01   1.3350e-16  -4.2120e-31
  -3.6639e-18  -1.9667e-17   4.8237e-01  -4.5901e-16  -5.5717e-17   1.3350e-16   6.3161e-01   6.5707e-17
   9.7548e-33   3.9177e-33   3.4310e-16   4.8237e-01   1.7671e-32  -4.2120e-31   6.5707e-17   6.3161e-01
P_total
   4.2538
        0
Iteration: 2
Fa
  -1.1816e+02   5.4858e+00  -5.5962e-16   2.0330e-31  -2.5576e+01   1.5275e+01   6.0684e-17  -1.6157e-31
   5.4858e+00  -1.1034e+02  -1.8457e-15   1.5527e-30  -1.5960e+01  -1.7132e+00   3.2574e-16  -6.4888e-32
  -5.5962e-16  -1.8457e-15  -1.0193e+02   2.4447e-15   1.8482e-16   1.1242e-15  -2.4532e+01  -5.6826e-15
   2.0330e-31   1.5527e-30   2.4447e-15  -1.0193e+02  -1.4677e-31   5.4718e-30   7.6025e-15  -2.4532e+01
  -2.5576e+01  -1.5960e+01   1.8482e-16  -1.4677e-31  -1.3199e+02  -3.2313e+00   1.0738e-15  -3.4056e-31
   1.5275e+01  -1.7132e+00   1.1242e-15   5.4718e-30  -3.2313e+00  -1.2379e+02  -2.5727e-15   8.1173e-30
   6.0684e-17   3.2574e-16  -2.4532e+01   7.6025e-15   1.0738e-15  -2.5727e-15  -1.1853e+02  -1.2663e-15
  -1.6157e-31  -6.4888e-32  -5.6826e-15  -2.4532e+01  -3.4056e-31   8.1173e-30  -1.2663e-15  -1.1853e+02
Fb
  -1.1816e+02   5.4858e+00  -5.5962e-16   2.0330e-31  -2.5576e+01   1.5275e+01   6.0684e-17  -1.6157e-31
   5.4858e+00  -1.1034e+02  -1.8457e-15   1.5527e-30  -1.5960e+01  -1.7132e+00   3.2574e-16  -6.4888e-32
  -5.5962e-16  -1.8457e-15  -1.0193e+02   2.4447e-15   1.8482e-16   1.1242e-15  -2.4532e+01  -5.6826e-15
   2.0330e-31   1.5527e-30   2.4447e-15  -1.0193e+02  -1.4677e-31   5.4718e-30   7.6025e-15  -2.4532e+01
  -2.5576e+01  -1.5960e+01   1.8482e-16  -1.4677e-31  -1.3199e+02  -3.2313e+00   1.0738e-15  -3.4056e-31
   1.5275e+01  -1.7132e+00   1.1242e-15   5.4718e-30  -3.2313e+00  -1.2379e+02  -2.5727e-15   8.1173e-30
   6.0684e-17   3.2574e-16  -2.4532e+01   7.6025e-15   1.0738e-15  -2.5727e-15  -1.1853e+02  -1.2663e-15
  -1.6157e-31  -6.4888e-32  -5.6826e-15  -2.4532e+01  -3.4056e-31   8.1173e-30  -1.2663e-15  -1.1853e+02
After solving the eigenvalue equation: 
Ca
  -5.8505e-01   3.8389e-33  -1.1123e-15  -3.3482e-01   3.7120e-01   6.3860e-01   1.9673e-15   5.3513e-33
  -1.9366e-01   1.5418e-33   1.2163e-15   3.9622e-01  -7.6243e-01   4.7350e-01   1.4176e-15   2.1492e-33
   1.1102e-16   1.3502e-16  -5.8290e-01   2.2204e-15   2.7756e-16   2.5535e-15  -8.1254e-01   1.8822e-16
   5.2385e-32   5.8290e-01   1.1102e-16            0   1.4791e-31  -3.9443e-31   2.2204e-16   8.1254e-01
  -7.6228e-01   8.0920e-33   1.3240e-15   3.5784e-01   4.5838e-02  -5.3738e-01  -1.7162e-15   1.1280e-32
   1.9785e-01  -1.9287e-31   2.8865e-15   7.7644e-01   5.2802e-01   2.8142e-01   1.1465e-15  -2.6886e-31
  -2.7756e-17            0  -8.1254e-01   2.8866e-15   2.2204e-16  -1.8319e-15   5.8290e-01            0
            0   8.1254e-01            0            0            0            0            0  -5.8290e-01
Cb
  -5.8505e-01   3.8389e-33  -1.1123e-15  -3.3482e-01   3.7120e-01   6.3860e-01   1.9673e-15   5.3513e-33
  -1.9366e-01   1.5418e-33   1.2163e-15   3.9622e-01  -7.6243e-01   4.7350e-01   1.4176e-15   2.1492e-33
   1.1102e-16   1.3502e-16  -5.8290e-01   2.2204e-15   2.7756e-16   2.5535e-15  -8.1254e-01   1.8822e-16
   5.2385e-32   5.8290e-01   1.1102e-16            0   1.4791e-31  -3.9443e-31   2.2204e-16   8.1254e-01
  -7.6228e-01   8.0920e-33   1.3240e-15   3.5784e-01   4.5838e-02  -5.3738e-01  -1.7162e-15   1.1280e-32
   1.9785e-01  -1.9287e-31   2.8865e-15   7.7644e-01   5.2802e-01   2.8142e-01   1.1465e-15  -2.6886e-31
  -2.7756e-17            0  -8.1254e-01   2.8866e-15   2.2204e-16  -1.8319e-15   5.8290e-01            0
            0   8.1254e-01            0            0            0            0            0  -5.8290e-01
p = 5 q = 5
Pa_new
   5.9218e-01  -3.0238e-01  -5.7003e-17  -9.6998e-32   3.4318e-01  -1.7972e-01   3.5982e-17   3.1193e-33
  -3.0238e-01   7.7579e-01  -6.2348e-17   1.3023e-32   2.5445e-01  -1.3325e-01  -8.5393e-18   1.2528e-33
  -5.7003e-17  -6.2348e-17   3.3977e-01   1.3990e-17  -4.9091e-17   2.1001e-16   4.7363e-01   1.0971e-16
  -9.6998e-32   1.3023e-32   1.3990e-17   3.3977e-01   1.1856e-31   2.9650e-31  -9.0210e-17   4.7363e-01
   3.4318e-01   2.5445e-01  -4.9091e-17   1.1856e-31   7.1122e-01   1.5123e-01  -1.1519e-17   6.5751e-33
  -1.7972e-01  -1.3325e-01   2.1001e-16   2.9650e-31   1.5123e-01   9.2080e-01   7.5958e-18  -1.5672e-31
   3.5982e-17  -8.5393e-18   4.7363e-01  -9.0210e-17  -1.1519e-17   7.5958e-18   6.6023e-01            0
   3.1193e-33   1.2528e-33   1.0971e-16   4.7363e-01   6.5751e-33  -1.5672e-31            0   6.6023e-01
Pb_new
   5.9218e-01  -3.0238e-01  -5.7003e-17  -9.6998e-32   3.4318e-01  -1.7972e-01   3.5982e-17   3.1193e-33
  -3.0238e-01   7.7579e-01  -6.2348e-17   1.3023e-32   2.5445e-01  -1.3325e-01  -8.5393e-18   1.2528e-33
  -5.7003e-17  -6.2348e-17   3.3977e-01   1.3990e-17  -4.9091e-17   2.1001e-16   4.7363e-01   1.0971e-16
  -9.6998e-32   1.3023e-32   1.3990e-17   3.3977e-01   1.1856e-31   2.9650e-31  -9.0210e-17   4.7363e-01
   3.4318e-01   2.5445e-01  -4.9091e-17   1.1856e-31   7.1122e-01   1.5123e-01  -1.1519e-17   6.5751e-33
  -1.7972e-01  -1.3325e-01   2.1001e-16   2.9650e-31   1.5123e-01   9.2080e-01   7.5958e-18  -1.5672e-31
   3.5982e-17  -8.5393e-18   4.7363e-01  -9.0210e-17  -1.1519e-17   7.5958e-18   6.6023e-01            0
   3.1193e-33   1.2528e-33   1.0971e-16   4.7363e-01   6.5751e-33  -1.5672e-31            0   6.6023e-01
P_total
   4.0951
        0
Iteration: 3
Fa
  -1.2135e+02   5.8275e+00   1.0986e-15   1.8693e-30  -2.5472e+01   1.4960e+01  -5.9597e-16  -5.1664e-32
   5.8275e+00  -1.1284e+02   1.2016e-15  -2.5098e-31  -1.6197e+01  -1.7682e+00   1.4143e-16  -2.0749e-32
   1.0986e-15   1.2016e-15  -1.0444e+02  -2.6961e-16   8.1308e-16  -3.4784e-15  -2.4388e+01  -1.8171e-15
   1.8693e-30  -2.5098e-31  -2.6961e-16  -1.0444e+02  -1.9636e-30  -4.9109e-30   1.4941e-15  -2.4388e+01
  -2.5472e+01  -1.6197e+01   8.1308e-16  -1.9636e-30  -1.3474e+02  -2.9145e+00   2.2199e-16  -1.2672e-31
   1.4960e+01  -1.7682e+00  -3.4784e-15  -4.9109e-30  -2.9145e+00  -1.2673e+02  -1.4639e-16   3.0203e-30
  -5.9597e-16   1.4143e-16  -2.4388e+01   1.4941e-15   2.2199e-16  -1.4639e-16  -1.2171e+02            0
  -5.1664e-32  -2.0749e-32  -1.8171e-15  -2.4388e+01  -1.2672e-31   3.0203e-30            0  -1.2171e+02
Fb
  -1.2135e+02   5.8275e+00   1.0986e-15   1.8693e-30  -2.5472e+01   1.4960e+01  -5.9597e-16  -5.1664e-32
   5.8275e+00  -1.1284e+02   1.2016e-15  -2.5098e-31  -1.6197e+01  -1.7682e+00   1.4143e-16  -2.0749e-32
   1.0986e-15   1.2016e-15  -1.0444e+02  -2.6961e-16   8.1308e-16  -3.4784e-15  -2.4388e+01  -1.8171e-15
   1.8693e-30  -2.5098e-31  -2.6961e-16  -1.0444e+02  -1.9636e-30  -4.9109e-30   1.4941e-15  -2.4388e+01
  -2.5472e+01  -1.6197e+01   8.1308e-16  -1.9636e-30  -1.3474e+02  -2.9145e+00   2.2199e-16  -1.2672e-31
   1.4960e+01  -1.7682e+00  -3.4784e-15  -4.9109e-30  -2.9145e+00  -1.2673e+02  -1.4639e-16   3.0203e-30
  -5.9597e-16   1.4143e-16  -2.4388e+01   1.4941e-15   2.2199e-16  -1.4639e-16  -1.2171e+02            0
  -5.1664e-32  -2.0749e-32  -1.8171e-15  -2.4388e+01  -1.2672e-31   3.0203e-30            0  -1.2171e+02
After solving the eigenvalue equation: 
Ca
   5.8627e-01   2.3453e-16   1.1546e-15  -3.3425e-01   3.8513e-01  -6.2947e-01  -2.1922e-15  -3.7590e-15
   1.9099e-01  -1.3974e-16  -6.8795e-16   4.0365e-01  -7.4654e-01  -4.9322e-01  -1.6902e-15  -2.8983e-15
   6.3962e-16  -1.1489e-01  -5.6561e-01  -1.0703e-15   1.7617e-17   5.7219e-15  -4.1140e-01  -7.0544e-01
  -4.3449e-31   5.6561e-01  -1.1489e-01  -4.1292e-30   1.1693e-31   4.9372e-29  -7.0544e-01   4.1140e-01
   7.6119e-01  -1.0019e-16  -5.0180e-16   3.5998e-01   3.3681e-02   5.3840e-01   1.9790e-15   3.4085e-15
  -2.0101e-01  -3.5248e-16  -1.8207e-15   7.7185e-01   5.4149e-01  -2.6576e-01  -8.4172e-16  -1.4985e-15
   3.6082e-16  -1.6256e-01  -8.0029e-01  -1.8874e-15   6.5393e-32  -4.1633e-15   2.9075e-01   4.9857e-01
  -1.7299e-31   8.0029e-01  -1.6256e-01  -8.4039e-30  -1.5962e-31  -3.6347e-29   4.9857e-01  -2.9075e-01
Cb
   5.8627e-01   2.3453e-16   1.1546e-15  -3.3425e-01   3.8513e-01  -6.2947e-01  -2.1922e-15  -3.7590e-15
   1.9099e-01  -1.3974e-16  -6.8795e-16   4.0365e-01  -7.4654e-01  -4.9322e-01  -1.6902e-15  -2.8983e-15
   6.3962e-16  -1.1489e-01  -5.6561e-01  -1.0703e-15   1.7617e-17   5.7219e-15  -4.1140e-01  -7.0544e-01
  -4.3449e-31   5.6561e-01  -1.1489e-01  -4.1292e-30   1.1693e-31   4.9372e-29  -7.0544e-01   4.1140e-01
   7.6119e-01  -1.0019e-16  -5.0180e-16   3.5998e-01   3.3681e-02   5.3840e-01   1.9790e-15   3.4085e-15
  -2.0101e-01  -3.5248e-16  -1.8207e-15   7.7185e-01   5.4149e-01  -2.6576e-01  -8.4172e-16  -1.4985e-15
   3.6082e-16  -1.6256e-01  -8.0029e-01  -1.8874e-15   6.5393e-32  -4.1633e-15   2.9075e-01   4.9857e-01
  -1.7299e-31   8.0029e-01  -1.6256e-01  -8.4039e-30  -1.5962e-31  -3.6347e-29   4.9857e-01  -2.9075e-01
p = 5 q = 5
Pa_new
   6.0376e-01  -3.1047e-01   5.9497e-17            0   3.3891e-01  -1.6729e-01  -1.1977e-16  -2.4652e-32
  -3.1047e-01   7.5674e-01   8.2159e-17            0   2.6555e-01  -1.3108e-01  -1.1966e-16  -1.2326e-31
   5.9497e-17   8.2159e-17   3.3311e-01  -1.8041e-16   3.9752e-16   1.2519e-16   4.7133e-01   2.3592e-16
            0            0  -1.8041e-16   3.3311e-01   9.8013e-19   9.8080e-18  -4.3021e-16   4.7133e-01
   3.3891e-01   2.6555e-01   3.9752e-16   9.8013e-19   7.1013e-01   1.4309e-01   1.3101e-17   1.3868e-18
  -1.6729e-01  -1.3108e-01   1.2519e-16   9.8080e-18   1.4309e-01   9.2937e-01  -1.4910e-17   1.3878e-17
  -1.1977e-16  -1.1966e-16   4.7133e-01  -4.3021e-16   1.3101e-17  -1.4910e-17   6.6689e-01   1.1102e-16
  -2.4652e-32  -1.2326e-31   2.3592e-16   4.7133e-01   1.3868e-18   1.3878e-17   1.1102e-16   6.6689e-01
Pb_new
   6.0376e-01  -3.1047e-01   5.9497e-17            0   3.3891e-01  -1.6729e-01  -1.1977e-16  -2.4652e-32
  -3.1047e-01   7.5674e-01   8.2159e-17            0   2.6555e-01  -1.3108e-01  -1.1966e-16  -1.2326e-31
   5.9497e-17   8.2159e-17   3.3311e-01  -1.8041e-16   3.9752e-16   1.2519e-16   4.7133e-01   2.3592e-16
            0            0  -1.8041e-16   3.3311e-01   9.8013e-19   9.8080e-18  -4.3021e-16   4.7133e-01
   3.3891e-01   2.6555e-01   3.9752e-16   9.8013e-19   7.1013e-01   1.4309e-01   1.3101e-17   1.3868e-18
  -1.6729e-01  -1.3108e-01   1.2519e-16   9.8080e-18   1.4309e-01   9.2937e-01  -1.4910e-17   1.3878e-17
  -1.1977e-16  -1.1966e-16   4.7133e-01  -4.3021e-16   1.3101e-17  -1.4910e-17   6.6689e-01   1.1102e-16
  -2.4652e-32  -1.2326e-31   2.3592e-16   4.7133e-01   1.3868e-18   1.3878e-17   1.1102e-16   6.6689e-01
P_total
   4.0534
        0
Iteration: 4
Fa
  -1.2237e+02   5.9833e+00  -1.1466e-15            0  -2.5401e+01   1.4754e+01   1.9837e-15   4.0830e-31
   5.9833e+00  -1.1328e+02  -1.5834e-15            0  -1.6381e+01  -1.8043e+00   1.9819e-15   2.0415e-30
  -1.1466e-15  -1.5834e-15  -1.0511e+02   3.4769e-15  -6.5840e-15  -2.0735e-15  -2.4349e+01  -3.9075e-15
            0            0   3.4769e-15  -1.0511e+02  -1.6234e-17  -1.6245e-16   7.1255e-15  -2.4349e+01
  -2.5401e+01  -1.6381e+01  -6.5840e-15  -1.6234e-17  -1.3540e+02  -2.7576e+00  -2.5249e-16  -2.6727e-17
   1.4754e+01  -1.8043e+00  -2.0735e-15  -1.6245e-16  -2.7576e+00  -1.2759e+02   2.8734e-16  -2.6745e-16
   1.9837e-15   1.9819e-15  -2.4349e+01   7.1255e-15  -2.5249e-16   2.8734e-16  -1.2253e+02  -2.1396e-15
   4.0830e-31   2.0415e-30  -3.9075e-15  -2.4349e+01  -2.6727e-17  -2.6745e-16  -2.1396e-15  -1.2253e+02
Fb
  -1.2237e+02   5.9833e+00  -1.1466e-15            0  -2.5401e+01   1.4754e+01   1.9837e-15   4.0830e-31
   5.9833e+00  -1.1328e+02  -1.5834e-15            0  -1.6381e+01  -1.8043e+00   1.9819e-15   2.0415e-30
  -1.1466e-15  -1.5834e-15  -1.0511e+02   3.4769e-15  -6.5840e-15  -2.0735e-15  -2.4349e+01  -3.9075e-15
            0            0   3.4769e-15  -1.0511e+02  -1.6234e-17  -1.6245e-16   7.1255e-15  -2.4349e+01
  -2.5401e+01  -1.6381e+01  -6.5840e-15  -1.6234e-17  -1.3540e+02  -2.7576e+00  -2.5249e-16  -2.6727e-17
   1.4754e+01  -1.8043e+00  -2.0735e-15  -1.6245e-16  -2.7576e+00  -1.2759e+02   2.8734e-16  -2.6745e-16
   1.9837e-15   1.9819e-15  -2.4349e+01   7.1255e-15  -2.5249e-16   2.8734e-16  -1.2253e+02  -2.1396e-15
   4.0830e-31   2.0415e-30  -3.9075e-15  -2.4349e+01  -2.6727e-17  -2.6745e-16  -2.1396e-15  -1.2253e+02
After solving the eigenvalue equation: 
Ca
  -5.8737e-01  -9.6567e-33  -5.3541e-15  -3.3362e-01   3.9594e-01   6.2203e-01  -2.9771e-15  -1.3709e-32
  -1.9008e-01  -4.8284e-32   3.0195e-15   4.0557e-01  -7.3653e-01   5.0685e-01  -2.8257e-15  -6.8544e-32
   1.4194e-15   9.2416e-17  -5.7588e-01   6.2486e-15   3.1681e-16  -4.6613e-15  -8.1753e-01   1.3120e-16
  -1.3858e-18   5.7588e-01   3.3307e-16  -8.8599e-18  -6.0442e-18  -2.2133e-18            0   8.1753e-01
  -7.6026e-01   6.3211e-19   2.7488e-15   3.6122e-01   2.3927e-02  -5.3939e-01   2.7709e-15   8.9736e-19
   2.0214e-01   6.3254e-18   8.3716e-15   7.7053e-01   5.4789e-01   2.5540e-01  -8.9254e-16   8.9797e-18
   2.2310e-15   1.2787e-16  -8.1753e-01   8.7462e-15  -1.0894e-16   2.1619e-15   5.7588e-01   1.8153e-16
            0   8.1753e-01            0            0            0            0            0  -5.7588e-01
Cb
  -5.8737e-01  -9.6567e-33  -5.3541e-15  -3.3362e-01   3.9594e-01   6.2203e-01  -2.9771e-15  -1.3709e-32
  -1.9008e-01  -4.8284e-32   3.0195e-15   4.0557e-01  -7.3653e-01   5.0685e-01  -2.8257e-15  -6.8544e-32
   1.4194e-15   9.2416e-17  -5.7588e-01   6.2486e-15   3.1681e-16  -4.6613e-15  -8.1753e-01   1.3120e-16
  -1.3858e-18   5.7588e-01   3.3307e-16  -8.8599e-18  -6.0442e-18  -2.2133e-18            0   8.1753e-01
  -7.6026e-01   6.3211e-19   2.7488e-15   3.6122e-01   2.3927e-02  -5.3939e-01   2.7709e-15   8.9736e-19
   2.0214e-01   6.3254e-18   8.3716e-15   7.7053e-01   5.4789e-01   2.5540e-01  -8.9254e-16   8.9797e-18
   2.2310e-15   1.2787e-16  -8.1753e-01   8.7462e-15  -1.0894e-16   2.1619e-15   5.7588e-01   1.8153e-16
            0   8.1753e-01            0            0            0            0            0  -5.7588e-01
p = 5 q = 5
Pa_new
   6.1308e-01  -3.1528e-01   2.9034e-16   1.3767e-18   3.3552e-01  -1.5887e-01   1.0568e-16  -7.8947e-33
  -3.1528e-01   7.4310e-01   2.9228e-16   1.1218e-18   2.7339e-01  -1.2945e-01   7.3490e-16  -3.9473e-32
   2.9034e-16   2.9228e-16   3.3164e-01  -1.3859e-16  -3.9740e-16   4.5423e-16   4.7080e-01   7.5553e-17
   1.3767e-18   1.1218e-18  -1.3859e-16   3.3164e-01  -1.9274e-18  -6.7759e-18  -1.9865e-16   4.7080e-01
   3.3552e-01   2.7339e-01  -3.9740e-16  -1.9274e-18   7.0906e-01   1.3776e-01  -7.8663e-16   5.1677e-19
  -1.5887e-01  -1.2945e-01   4.5423e-16  -6.7759e-18   1.3776e-01   9.3477e-01   2.8647e-16   5.1712e-18
   1.0568e-16   7.3490e-16   4.7080e-01  -1.9865e-16  -7.8663e-16   2.8647e-16   6.6836e-01   1.0454e-16
  -7.8947e-33  -3.9473e-32   7.5553e-17   4.7080e-01   5.1677e-19   5.1712e-18   1.0454e-16   6.6836e-01
Pb_new
   6.1308e-01  -3.1528e-01   2.9034e-16   1.3767e-18   3.3552e-01  -1.5887e-01   1.0568e-16  -7.8947e-33
  -3.1528e-01   7.4310e-01   2.9228e-16   1.1218e-18   2.7339e-01  -1.2945e-01   7.3490e-16  -3.9473e-32
   2.9034e-16   2.9228e-16   3.3164e-01  -1.3859e-16  -3.9740e-16   4.5423e-16   4.7080e-01   7.5553e-17
   1.3767e-18   1.1218e-18  -1.3859e-16   3.3164e-01  -1.9274e-18  -6.7759e-18  -1.9865e-16   4.7080e-01
   3.3552e-01   2.7339e-01  -3.9740e-16  -1.9274e-18   7.0906e-01   1.3776e-01  -7.8663e-16   5.1677e-19
  -1.5887e-01  -1.2945e-01   4.5423e-16  -6.7759e-18   1.3776e-01   9.3477e-01   2.8647e-16   5.1712e-18
   1.0568e-16   7.3490e-16   4.7080e-01  -1.9865e-16  -7.8663e-16   2.8647e-16   6.6836e-01   1.0454e-16
  -7.8947e-33  -3.9473e-32   7.5553e-17   4.7080e-01   5.1677e-19   5.1712e-18   1.0454e-16   6.6836e-01
P_total
   4.0389
        0
Iteration: 5
Fa
  -1.2283e+02   6.0761e+00  -5.5955e-15  -2.6532e-17  -2.5345e+01   1.4614e+01  -1.7503e-15   1.3076e-31
   6.0761e+00  -1.1330e+02  -5.6329e-15  -2.1619e-17  -1.6511e+01  -1.8312e+00  -1.2172e-14   6.5379e-31
  -5.5955e-15  -5.6329e-15  -1.0537e+02   2.6708e-15   6.5820e-15  -7.5233e-15  -2.4341e+01  -1.2514e-15
  -2.6532e-17  -2.1619e-17   2.6708e-15  -1.0537e+02   3.1924e-17   1.1223e-16   3.2903e-15  -2.4341e+01
  -2.5345e+01  -1.6511e+01   6.5820e-15   3.1924e-17  -1.3562e+02  -2.6550e+00   1.5160e-14  -9.9592e-18
   1.4614e+01  -1.8312e+00  -7.5233e-15   1.1223e-16  -2.6550e+00  -1.2793e+02  -5.5209e-15  -9.9660e-17
  -1.7503e-15  -1.2172e-14  -2.4341e+01   3.2903e-15   1.5160e-14  -5.5209e-15  -1.2280e+02  -2.0147e-15
   1.3076e-31   6.5379e-31  -1.2514e-15  -2.4341e+01  -9.9592e-18  -9.9660e-17  -2.0147e-15  -1.2280e+02
Fb
  -1.2283e+02   6.0761e+00  -5.5955e-15  -2.6532e-17  -2.5345e+01   1.4614e+01  -1.7503e-15   1.3076e-31
   6.0761e+00  -1.1330e+02  -5.6329e-15  -2.1619e-17  -1.6511e+01  -1.8312e+00  -1.2172e-14   6.5379e-31
  -5.5955e-15  -5.6329e-15  -1.0537e+02   2.6708e-15   6.5820e-15  -7.5233e-15  -2.4341e+01  -1.2514e-15
  -2.6532e-17  -2.1619e-17   2.6708e-15  -1.0537e+02   3.1924e-17   1.1223e-16   3.2903e-15  -2.4341e+01
  -2.5345e+01  -1.6511e+01   6.5820e-15   3.1924e-17  -1.3562e+02  -2.6550e+00   1.5160e-14  -9.9592e-18
   1.4614e+01  -1.8312e+00  -7.5233e-15   1.1223e-16  -2.6550e+00  -1.2793e+02  -5.5209e-15  -9.9660e-17
  -1.7503e-15  -1.2172e-14  -2.4341e+01   3.2903e-15   1.5160e-14  -5.5209e-15  -1.2280e+02  -2.0147e-15
   1.3076e-31   6.5379e-31  -1.2514e-15  -2.4341e+01  -9.9592e-18  -9.9660e-17  -2.0147e-15  -1.2280e+02
After solving the eigenvalue equation: 
Ca
   5.8806e-01  -1.3565e-15  -4.0232e-16   3.3317e-01  -4.0380e-01  -6.1655e-01   1.9134e-15   1.7247e-15
   1.8958e-01   3.5184e-15   1.0765e-15  -4.0617e-01   7.2959e-01  -5.1651e-01   2.3642e-15   2.1765e-15
   1.6870e-15  -5.5158e-01  -1.6493e-01  -6.7744e-15  -1.9524e-15   4.2058e-15   5.9948e-01   5.5604e-01
   1.1884e-20  -1.6493e-01   5.5158e-01   3.6800e-18   2.8092e-18  -1.2328e-18  -5.5604e-01   5.9948e-01
   7.5969e-01   5.3956e-15   1.6226e-15  -3.6208e-01  -1.6762e-02   5.3990e-01  -2.4090e-15  -2.2649e-15
  -2.0279e-01   8.1746e-15   2.4382e-15  -7.7001e-01  -5.5169e-01  -2.4820e-01   9.4768e-18   7.9683e-17
   1.7517e-15  -7.8339e-01  -2.3424e-01  -7.9426e-15  -4.0813e-16  -2.8896e-15  -4.2209e-01  -3.9151e-01
   2.4816e-18  -2.3424e-01   7.8339e-01   6.7501e-19  -1.6738e-18   1.4898e-18   3.9151e-01  -4.2209e-01
Cb
   5.8806e-01  -1.3565e-15  -4.0232e-16   3.3317e-01  -4.0380e-01  -6.1655e-01   1.9134e-15   1.7247e-15
   1.8958e-01   3.5184e-15   1.0765e-15  -4.0617e-01   7.2959e-01  -5.1651e-01   2.3642e-15   2.1765e-15
   1.6870e-15  -5.5158e-01  -1.6493e-01  -6.7744e-15  -1.9524e-15   4.2058e-15   5.9948e-01   5.5604e-01
   1.1884e-20  -1.6493e-01   5.5158e-01   3.6800e-18   2.8092e-18  -1.2328e-18  -5.5604e-01   5.9948e-01
   7.5969e-01   5.3956e-15   1.6226e-15  -3.6208e-01  -1.6762e-02   5.3990e-01  -2.4090e-15  -2.2649e-15
  -2.0279e-01   8.1746e-15   2.4382e-15  -7.7001e-01  -5.5169e-01  -2.4820e-01   9.4768e-18   7.9683e-17
   1.7517e-15  -7.8339e-01  -2.3424e-01  -7.9426e-15  -4.0813e-16  -2.8896e-15  -4.2209e-01  -3.9151e-01
   2.4816e-18  -2.3424e-01   7.8339e-01   6.7501e-19  -1.6738e-18   1.4898e-18   3.9151e-01  -4.2209e-01
p = 5 q = 5
Pa_new
   6.1987e-01  -3.1845e-01   3.3796e-16   1.9166e-18   3.3287e-01  -1.5302e-01  -2.9441e-16   4.9420e-18
  -3.1845e-01   7.3322e-01  -4.7125e-16   1.4030e-17   2.7886e-01  -1.2819e-01   2.5192e-16   1.8111e-17
   3.3796e-16  -4.7125e-16   3.3144e-01   2.7756e-16   5.2357e-16   1.0404e-15   4.7073e-01  -4.4409e-16
   1.9166e-18   1.4030e-17   2.7756e-16   3.3144e-01   3.7499e-18  -7.7551e-18   6.6613e-16   4.7073e-01
   3.3287e-01   2.7886e-01   5.2357e-16   3.7499e-18   7.0851e-01   1.3400e-01  -3.9343e-16   8.9413e-18
  -1.5302e-01  -1.2819e-01   1.0404e-15  -7.7551e-18   1.3400e-01   9.3840e-01  -9.8917e-16  -4.8848e-18
  -2.9441e-16   2.5192e-16   4.7073e-01   6.6613e-16  -3.9343e-16  -9.8917e-16   6.6856e-01  -2.2204e-16
   4.9420e-18   1.8111e-17  -4.4409e-16   4.7073e-01   8.9413e-18  -4.8848e-18  -2.2204e-16   6.6856e-01
Pb_new
   6.1987e-01  -3.1845e-01   3.3796e-16   1.9166e-18   3.3287e-01  -1.5302e-01  -2.9441e-16   4.9420e-18
  -3.1845e-01   7.3322e-01  -4.7125e-16   1.4030e-17   2.7886e-01  -1.2819e-01   2.5192e-16   1.8111e-17
   3.3796e-16  -4.7125e-16   3.3144e-01   2.7756e-16   5.2357e-16   1.0404e-15   4.7073e-01  -4.4409e-16
   1.9166e-18   1.4030e-17   2.7756e-16   3.3144e-01   3.7499e-18  -7.7551e-18   6.6613e-16   4.7073e-01
   3.3287e-01   2.7886e-01   5.2357e-16   3.7499e-18   7.0851e-01   1.3400e-01  -3.9343e-16   8.9413e-18
  -1.5302e-01  -1.2819e-01   1.0404e-15  -7.7551e-18   1.3400e-01   9.3840e-01  -9.8917e-16  -4.8848e-18
  -2.9441e-16   2.5192e-16   4.7073e-01   6.6613e-16  -3.9343e-16  -9.8917e-16   6.6856e-01  -2.2204e-16
   4.9420e-18   1.8111e-17  -4.4409e-16   4.7073e-01   8.9413e-18  -4.8848e-18  -2.2204e-16   6.6856e-01
P_total
   4.0319
        0
Iteration: 6
Fa
  -1.2310e+02   6.1372e+00  -6.5132e-15  -3.6936e-17  -2.5301e+01   1.4518e+01   4.8763e-15  -8.1852e-17
   6.1372e+00  -1.1324e+02   9.0820e-15  -2.7039e-16  -1.6602e+01  -1.8520e+00  -4.1725e-15  -2.9996e-16
  -6.5132e-15   9.0820e-15  -1.0550e+02  -5.3491e-15  -8.6717e-15  -1.7231e-14  -2.4339e+01   7.3553e-15
  -3.6936e-17  -2.7039e-16  -5.3491e-15  -1.0550e+02  -6.2109e-17   1.2845e-16  -1.1033e-14  -2.4339e+01
  -2.5301e+01  -1.6602e+01  -8.6717e-15  -6.2109e-17  -1.3573e+02  -2.5824e+00   7.5822e-15  -1.7232e-16
   1.4518e+01  -1.8520e+00  -1.7231e-14   1.2845e-16  -2.5824e+00  -1.2812e+02   1.9063e-14   9.4141e-17
   4.8763e-15  -4.1725e-15  -2.4339e+01  -1.1033e-14   7.5822e-15   1.9063e-14  -1.2292e+02   4.2793e-15
  -8.1852e-17  -2.9996e-16   7.3553e-15  -2.4339e+01  -1.7232e-16   9.4141e-17   4.2793e-15  -1.2292e+02
Fb
  -1.2310e+02   6.1372e+00  -6.5132e-15  -3.6936e-17  -2.5301e+01   1.4518e+01   4.8763e-15  -8.1852e-17
   6.1372e+00  -1.1324e+02   9.0820e-15  -2.7039e-16  -1.6602e+01  -1.8520e+00  -4.1725e-15  -2.9996e-16
  -6.5132e-15   9.0820e-15  -1.0550e+02  -5.3491e-15  -8.6717e-15  -1.7231e-14  -2.4339e+01   7.3553e-15
  -3.6936e-17  -2.7039e-16  -5.3491e-15  -1.0550e+02  -6.2109e-17   1.2845e-16  -1.1033e-14  -2.4339e+01
  -2.5301e+01  -1.6602e+01  -8.6717e-15  -6.2109e-17  -1.3573e+02  -2.5824e+00   7.5822e-15  -1.7232e-16
   1.4518e+01  -1.8520e+00  -1.7231e-14   1.2845e-16  -2.5824e+00  -1.2812e+02   1.9063e-14   9.4141e-17
   4.8763e-15  -4.1725e-15  -2.4339e+01  -1.1033e-14   7.5822e-15   1.9063e-14  -1.2292e+02   4.2793e-15
  -8.1852e-17  -2.9996e-16   7.3553e-15  -2.4339e+01  -1.7232e-16   9.4141e-17   4.2793e-15  -1.2292e+02
After solving the eigenvalue equation: 
Ca
  -5.8848e-01   1.6395e-16   8.5057e-17   3.3287e-01   4.0942e-01   6.1258e-01  -5.3362e-16   4.2075e-16
  -1.8923e-01  -8.4645e-16  -4.5068e-16  -4.0641e-01  -7.2464e-01   5.2337e-01  -3.5650e-17  -4.1764e-17
  -5.3216e-16   5.0217e-01   2.8169e-01  -1.4855e-15   7.0791e-16   5.3382e-16   3.6579e-01  -7.3121e-01
  -2.8131e-17  -2.8169e-01   5.0217e-01   1.5386e-17   1.1969e-17   1.4954e-17   7.3121e-01   3.6579e-01
  -7.5933e-01  -1.1806e-15  -5.9386e-16  -3.6270e-01   1.1607e-02  -5.4012e-01  -2.0496e-16  -3.0622e-16
   2.0322e-01  -1.3410e-15  -7.1895e-16  -7.6973e-01   5.5419e-01   2.4309e-01  -2.9200e-16   7.0373e-16
  -7.8188e-16   7.1307e-01   4.0000e-01  -1.3954e-15  -4.7334e-16  -3.2287e-16  -2.5760e-01   5.1494e-01
   2.9861e-17  -4.0000e-01   7.1307e-01   1.7483e-17   6.9599e-18  -1.3737e-17  -5.1494e-01  -2.5760e-01
Cb
  -5.8848e-01   1.6395e-16   8.5057e-17   3.3287e-01   4.0942e-01   6.1258e-01  -5.3362e-16   4.2075e-16
  -1.8923e-01  -8.4645e-16  -4.5068e-16  -4.0641e-01  -7.2464e-01   5.2337e-01  -3.5650e-17  -4.1764e-17
  -5.3216e-16   5.0217e-01   2.8169e-01  -1.4855e-15   7.0791e-16   5.3382e-16   3.6579e-01  -7.3121e-01
  -2.8131e-17  -2.8169e-01   5.0217e-01   1.5386e-17   1.1969e-17   1.4954e-17   7.3121e-01   3.6579e-01
  -7.5933e-01  -1.1806e-15  -5.9386e-16  -3.6270e-01   1.1607e-02  -5.4012e-01  -2.0496e-16  -3.0622e-16
   2.0322e-01  -1.3410e-15  -7.1895e-16  -7.6973e-01   5.5419e-01   2.4309e-01  -2.9200e-16   7.0373e-16
  -7.8188e-16   7.1307e-01   4.0000e-01  -1.3954e-15  -4.7334e-16  -3.2287e-16  -2.5760e-01   5.1494e-01
   2.9861e-17  -4.0000e-01   7.1307e-01   1.7483e-17   6.9599e-18  -1.3737e-17  -5.1494e-01  -2.5760e-01
p = 5 q = 5
Pa_new
   6.2474e-01  -3.2061e-01   2.1480e-16   2.3107e-17   3.3087e-01  -1.4891e-01  -4.7227e-17  -1.3830e-17
  -3.2061e-01   7.2608e-01  -3.6057e-16   2.5152e-18   2.8268e-01  -1.2723e-01   2.7419e-16  -5.9108e-19
   2.1480e-16  -3.6057e-16   3.3153e-01  -8.3267e-17   1.9097e-16   5.5166e-16   4.7076e-01   5.5511e-17
   2.3107e-17   2.5152e-18  -8.3267e-17   3.3153e-01   5.0258e-17   5.7943e-18  -2.4980e-16   4.7076e-01
   3.3087e-01   2.8268e-01   1.9097e-16   5.0258e-17   7.0827e-01   1.3130e-01   1.4941e-17   1.9826e-17
  -1.4891e-01  -1.2723e-01   5.5166e-16   5.7943e-18   1.3130e-01   9.4091e-01  -5.9100e-16   2.0212e-17
  -4.7227e-17   2.7419e-16   4.7076e-01  -2.4980e-16   1.4941e-17  -5.9100e-16   6.6847e-01  -5.5511e-17
  -1.3830e-17  -5.9108e-19   5.5511e-17   4.7076e-01   1.9826e-17   2.0212e-17  -5.5511e-17   6.6847e-01
Pb_new
   6.2474e-01  -3.2061e-01   2.1480e-16   2.3107e-17   3.3087e-01  -1.4891e-01  -4.7227e-17  -1.3830e-17
  -3.2061e-01   7.2608e-01  -3.6057e-16   2.5152e-18   2.8268e-01  -1.2723e-01   2.7419e-16  -5.9108e-19
   2.1480e-16  -3.6057e-16   3.3153e-01  -8.3267e-17   1.9097e-16   5.5166e-16   4.7076e-01   5.5511e-17
   2.3107e-17   2.5152e-18  -8.3267e-17   3.3153e-01   5.0258e-17   5.7943e-18  -2.4980e-16   4.7076e-01
   3.3087e-01   2.8268e-01   1.9097e-16   5.0258e-17   7.0827e-01   1.3130e-01   1.4941e-17   1.9826e-17
  -1.4891e-01  -1.2723e-01   5.5166e-16   5.7943e-18   1.3130e-01   9.4091e-01  -5.9100e-16   2.0212e-17
  -4.7227e-17   2.7419e-16   4.7076e-01  -2.4980e-16   1.4941e-17  -5.9100e-16   6.6847e-01  -5.5511e-17
  -1.3830e-17  -5.9108e-19   5.5511e-17   4.7076e-01   1.9826e-17   2.0212e-17  -5.5511e-17   6.6847e-01
P_total
   4.0278
        0
Iteration: 7
Fa
  -1.2327e+02   6.1788e+00  -4.1396e-15  -4.4532e-16  -2.5268e+01   1.4449e+01   7.8221e-16   2.2907e-16
   6.1788e+00  -1.1318e+02   6.9490e-15  -4.8474e-17  -1.6665e+01  -1.8680e+00  -4.5414e-15   9.7898e-18
  -4.1396e-15   6.9490e-15  -1.0558e+02   1.6047e-15  -3.1630e-15  -9.1370e-15  -2.4340e+01  -9.1942e-16
  -4.4532e-16  -4.8474e-17   1.6047e-15  -1.0558e+02  -8.3241e-16  -9.5970e-17   4.1374e-15  -2.4340e+01
  -2.5268e+01  -1.6665e+01  -3.1630e-15  -8.3241e-16  -1.3579e+02  -2.5304e+00  -2.8794e-16  -3.8209e-16
   1.4449e+01  -1.8680e+00  -9.1370e-15  -9.5970e-17  -2.5304e+00  -1.2824e+02   1.1390e-14  -3.8953e-16
   7.8221e-16  -4.5414e-15  -2.4340e+01   4.1374e-15  -2.8794e-16   1.1390e-14  -1.2299e+02   1.0698e-15
   2.2907e-16   9.7898e-18  -9.1942e-16  -2.4340e+01  -3.8209e-16  -3.8953e-16   1.0698e-15  -1.2299e+02
Fb
  -1.2327e+02   6.1788e+00  -4.1396e-15  -4.4532e-16  -2.5268e+01   1.4449e+01   7.8221e-16   2.2907e-16
   6.1788e+00  -1.1318e+02   6.9490e-15  -4.8474e-17  -1.6665e+01  -1.8680e+00  -4.5414e-15   9.7898e-18
  -4.1396e-15   6.9490e-15  -1.0558e+02   1.6047e-15  -3.1630e-15  -9.1370e-15  -2.4340e+01  -9.1942e-16
  -4.4532e-16  -4.8474e-17   1.6047e-15  -1.0558e+02  -8.3241e-16  -9.5970e-17   4.1374e-15  -2.4340e+01
  -2.5268e+01  -1.6665e+01  -3.1630e-15  -8.3241e-16  -1.3579e+02  -2.5304e+00  -2.8794e-16  -3.8209e-16
   1.4449e+01  -1.8680e+00  -9.1370e-15  -9.5970e-17  -2.5304e+00  -1.2824e+02   1.1390e-14  -3.8953e-16
   7.8221e-16  -4.5414e-15  -2.4340e+01   4.1374e-15  -2.8794e-16   1.1390e-14  -1.2299e+02   1.0698e-15
   2.2907e-16   9.7898e-18  -9.1942e-16  -2.4340e+01  -3.8209e-16  -3.8953e-16   1.0698e-15  -1.2299e+02
After solving the eigenvalue equation: 
Ca
  -5.8875e-01   4.2805e-15  -5.4199e-18   3.3267e-01  -4.1343e-01   6.0973e-01  -4.1775e-15   7.6939e-18
  -1.8898e-01  -5.4776e-15  -2.3163e-19  -4.0651e-01   7.2109e-01   5.2826e-01  -3.6348e-15   3.2882e-19
   7.3883e-16  -5.7590e-01   2.1754e-17   8.7592e-15   4.3319e-16   5.9731e-15   8.1752e-01  -3.0881e-17
   3.0421e-18            0   5.7590e-01   2.0984e-17   5.4201e-18   1.0599e-17            0  -8.1752e-01
  -7.5910e-01  -5.8283e-15   9.0404e-18  -3.6315e-01  -7.9169e-03  -5.4021e-01   4.3022e-15  -1.2833e-17
   2.0353e-01  -1.2104e-14   9.2166e-18  -7.6954e-01  -5.5591e-01   2.3946e-01  -1.7107e-15  -1.3084e-17
   3.2464e-17  -8.1752e-01            0   1.2402e-14   1.1551e-15  -4.2859e-15  -5.7590e-01            0
            0            0   8.1752e-01            0            0            0            0   5.7590e-01
Cb
